1
1.7
3.4
5.1
6.8
8.5
10.2
11.9
13.6
15.299999999999999
17.0
18.7
20.4
22.099999999999998
23.8
25.5
27.2
28.9
30.599999999999998
32.3
34.0
1
1.7
3.4
5.1
6.8
8.5
10.2
11.9
13.6
15.299999999999999
17.0
18.7
20.4
22.099999999999998
23.8
25.5
27.2
28.9
30.599999999999998
32.3
34.0
1
1.7
3.4
5.1
6.8
8.5
10.2
11.9
13.6
15.299999999999999
17.0
18.7
20.4
22.099999999999998
23.8
25.5
27.2
28.9
30.599999999999998
32.3
34.0
1
2.8
5.6
8.399999999999999
11.2
14.0
16.799999999999997
19.599999999999998
22.4
25.2
28.0
30.799999999999997
33.599999999999994
36.4
39.199999999999996
42.0
44.8
47.599999999999994
50.4
53.199999999999996
56.0
1
3.5
7.0
10.5
14.0
17.5
21.0
24.5
28.0
31.5
35.0
38.5
42.0
45.5
49.0
52.5
56.0
59.5
63.0
66.5
70.0
1
3.5
7.0
10.5
14.0
17.5
21.0
24.5
28.0
31.5
35.0
38.5
42.0
45.5
49.0
52.5
56.0
59.5
63.0
66.5
70.0
1
3.5
7.0
10.5
14.0
17.5
21.0
24.5
28.0
31.5
35.0
38.5
42.0
45.5
49.0
52.5
56.0
59.5
63.0
66.5
70.0
1
3.5
7.0
10.5
14.0
17.5
21.0
24.5
28.0
31.5
35.0
38.5
42.0
45.5
49.0
52.5
56.0
59.5
63.0
66.5
70.0
1
2.8
5.6
8.399999999999999
11.2
14.0
16.799999999999997
19.599999999999998
22.4
25.2
28.0
30.799999999999997
33.599999999999994
36.4
39.199999999999996
42.0
44.8
47.599999999999994
50.4
53.199999999999996
56.0
1
1.7
3.4
5.1
6.8
8.5
10.2
11.9
13.6
15.299999999999999
17.0
18.7
20.4
22.099999999999998
23.8
25.5
27.2
28.9
30.599999999999998
32.3
34.0
1
1.2
2.4
3.5999999999999996
4.8
6.0
7.199999999999999
8.4
9.6
10.799999999999999
12.0
13.2
14.399999999999999
15.6
16.8
18.0
19.2
20.4
21.599999999999998
22.8
24.0
1
1.2
2.4
3.5999999999999996
4.8
6.0
7.199999999999999
8.4
9.6
10.799999999999999
12.0
13.2
14.399999999999999
15.6
16.8
18.0
19.2
20.4
21.599999999999998
22.8
24.0
1
0.5
1.0
1.5
2.0
2.5
3.0
3.5
4.0
4.5
5.0
5.5
6.0
6.5
7.0
7.5
8.0
8.5
9.0
9.5
10.0
1
0.5
1.0
1.5
2.0
2.5
3.0
3.5
4.0
4.5
5.0
5.5
6.0
6.5
7.0
7.5
8.0
8.5
9.0
9.5
10.0
1
0.5
1.0
1.5
2.0
2.5
3.0
3.5
4.0
4.5
5.0
5.5
6.0
6.5
7.0
7.5
8.0
8.5
9.0
9.5
10.0
1
0.5
1.0
1.5
2.0
2.5
3.0
3.5
4.0
4.5
5.0
5.5
6.0
6.5
7.0
7.5
8.0
8.5
9.0
9.5
10.0
1
0.5
1.0
1.5
2.0
2.5
3.0
3.5
4.0
4.5
5.0
5.5
6.0
6.5
7.0
7.5
8.0
8.5
9.0
9.5
10.0
1
0.5
1.0
1.5
2.0
2.5
3.0
3.5
4.0
4.5
5.0
5.5
6.0
6.5
7.0
7.5
8.0
8.5
9.0
9.5
10.0
1
2.8
5.6
8.399999999999999
11.2
14.0
16.799999999999997
19.599999999999998
22.4
25.2
28.0
30.799999999999997
33.599999999999994
36.4
39.199999999999996
42.0
44.8
47.599999999999994
50.4
53.199999999999996
56.0
1
3.3
6.6
9.899999999999999
13.2
16.5
19.799999999999997
23.099999999999998
26.4
29.7
33.0
36.3
39.599999999999994
42.9
46.199999999999996
49.5
52.8
56.099999999999994
59.4
62.699999999999996
66.0
1
3.6
7.2
10.8
14.4
18.0
21.6
25.2
28.8
32.4
36.0
39.6
43.2
46.800000000000004
50.4
54.0
57.6
61.2
64.8
68.4
72.0
1
3.6
7.2
10.8
14.4
18.0
21.6
25.2
28.8
32.4
36.0
39.6
43.2
46.800000000000004
50.4
54.0
57.6
61.2
64.8
68.4
72.0
1
3.3
6.6
9.899999999999999
13.2
16.5
19.799999999999997
23.099999999999998
26.4
29.7
33.0
36.3
39.599999999999994
42.9
46.199999999999996
49.5
52.8
56.099999999999994
59.4
62.699999999999996
66.0
1
2.8
5.6
8.399999999999999
11.2
14.0
16.799999999999997
19.599999999999998
22.4
25.2
28.0
30.799999999999997
33.599999999999994
36.4
39.199999999999996
42.0
44.8
47.599999999999994
50.4
53.199999999999996
56.0
