1
1.7
3.4
5.1
6.8
8.5
1
1.7
3.4
5.1
6.8
8.5
1
1.7
3.4
5.1
6.8
8.5
1
2.8
5.6
8.399999999999999
11.2
14.0
1
3.5
7.0
10.5
14.0
17.5
1
3.5
7.0
10.5
14.0
17.5
1
3.5
7.0
10.5
14.0
17.5
1
3.5
7.0
10.5
14.0
17.5
1
2.8
5.6
8.399999999999999
11.2
14.0
1
1.7
3.4
5.1
6.8
8.5
1
1.2
2.4
3.5999999999999996
4.8
6.0
1
1.2
2.4
3.5999999999999996
4.8
6.0
1
0.5
1.0
1.5
2.0
2.5
1
0.5
1.0
1.5
2.0
2.5
1
0.5
1.0
1.5
2.0
2.5
1
0.5
1.0
1.5
2.0
2.5
1
0.5
1.0
1.5
2.0
2.5
1
0.5
1.0
1.5
2.0
2.5
1
2.8
5.6
8.399999999999999
11.2
14.0
1
3.3
6.6
9.899999999999999
13.2
16.5
1
3.6
7.2
10.8
14.4
18.0
1
3.6
7.2
10.8
14.4
18.0
1
3.3
6.6
9.899999999999999
13.2
16.5
1
2.8
5.6
8.399999999999999
11.2
14.0
1
1.7
3.4
5.1
6.8
8.5
10.2
11.9
13.6
1
1.7
3.4
5.1
6.8
8.5
10.2
11.9
13.6
1
1.7
3.4
5.1
6.8
8.5
10.2
11.9
13.6
1
2.8
5.6
8.399999999999999
11.2
14.0
16.799999999999997
19.599999999999998
22.4
1
3.5
7.0
10.5
14.0
17.5
21.0
24.5
28.0
1
3.5
7.0
10.5
14.0
17.5
21.0
24.5
28.0
1
3.5
7.0
10.5
14.0
17.5
21.0
24.5
28.0
1
3.5
7.0
10.5
14.0
17.5
21.0
24.5
28.0
1
2.8
5.6
8.399999999999999
11.2
14.0
16.799999999999997
19.599999999999998
22.4
1
1.7
3.4
5.1
6.8
8.5
10.2
11.9
13.6
1
1.2
2.4
3.5999999999999996
4.8
6.0
7.199999999999999
8.4
9.6
1
1.2
2.4
3.5999999999999996
4.8
6.0
7.199999999999999
8.4
9.6
1
0.5
1.0
1.5
2.0
2.5
3.0
3.5
4.0
1
0.5
1.0
1.5
2.0
2.5
3.0
3.5
4.0
1
0.5
1.0
1.5
2.0
2.5
3.0
3.5
4.0
1
0.5
1.0
1.5
2.0
2.5
3.0
3.5
4.0
1
0.5
1.0
1.5
2.0
2.5
3.0
3.5
4.0
1
0.5
1.0
1.5
2.0
2.5
3.0
3.5
4.0
1
2.8
5.6
8.399999999999999
11.2
14.0
16.799999999999997
19.599999999999998
22.4
1
3.3
6.6
9.899999999999999
13.2
16.5
19.799999999999997
23.099999999999998
26.4
1
3.6
7.2
10.8
14.4
18.0
21.6
25.2
28.8
1
3.6
7.2
10.8
14.4
18.0
21.6
25.2
28.8
1
3.3
6.6
9.899999999999999
13.2
16.5
19.799999999999997
23.099999999999998
26.4
1
2.8
5.6
8.399999999999999
11.2
14.0
16.799999999999997
19.599999999999998
22.4
1
2.0
4.0
6.0
8.0
10.0
12.0
14.0
16.0
18.0
20.0
22.0
1
2.0
4.0
6.0
8.0
10.0
12.0
14.0
16.0
18.0
20.0
22.0
1
2.0
4.0
6.0
8.0
10.0
12.0
14.0
16.0
18.0
20.0
22.0
1
3.1
6.2
9.3
12.4
15.5
18.6
21.7
24.8
27.900000000000002
31.0
34.1
1
3.8
7.6
11.399999999999999
15.2
19.0
22.799999999999997
26.599999999999998
30.4
34.199999999999996
38.0
41.8
1
3.8
7.6
11.399999999999999
15.2
19.0
22.799999999999997
26.599999999999998
30.4
34.199999999999996
38.0
41.8
1
3.8
7.6
11.399999999999999
15.2
19.0
22.799999999999997
26.599999999999998
30.4
34.199999999999996
38.0
41.8
1
3.8
7.6
11.399999999999999
15.2
19.0
22.799999999999997
26.599999999999998
30.4
34.199999999999996
38.0
41.8
1
3.1
6.2
9.3
12.4
15.5
18.6
21.7
24.8
27.900000000000002
31.0
34.1
1
2.0
4.0
6.0
8.0
10.0
12.0
14.0
16.0
18.0
20.0
22.0
1
1.5
3.0
4.5
6.0
7.5
9.0
10.5
12.0
13.5
15.0
16.5
1
1.5
3.0
4.5
6.0
7.5
9.0
10.5
12.0
13.5
15.0
16.5
1
0.8
1.6
2.4000000000000004
3.2
4.0
4.800000000000001
5.6000000000000005
6.4
7.2
8.0
8.8
1
0.8
1.6
2.4000000000000004
3.2
4.0
4.800000000000001
5.6000000000000005
6.4
7.2
8.0
8.8
1
0.8
1.6
2.4000000000000004
3.2
4.0
4.800000000000001
5.6000000000000005
6.4
7.2
8.0
8.8
1
0.8
1.6
2.4000000000000004
3.2
4.0
4.800000000000001
5.6000000000000005
6.4
7.2
8.0
8.8
1
0.8
1.6
2.4000000000000004
3.2
4.0
4.800000000000001
5.6000000000000005
6.4
7.2
8.0
8.8
1
0.8
1.6
2.4000000000000004
3.2
4.0
4.800000000000001
5.6000000000000005
6.4
7.2
8.0
8.8
1
3.1
6.2
9.3
12.4
15.5
18.6
21.7
24.8
27.900000000000002
31.0
34.1
1
3.6
7.2
10.8
14.4
18.0
21.6
25.2
28.8
32.4
36.0
39.6
1
3.9
7.8
11.7
15.6
19.5
23.4
27.3
31.2
35.1
39.0
42.9
1
3.9
7.8
11.7
15.6
19.5
23.4
27.3
31.2
35.1
39.0
42.9
1
3.6
7.2
10.8
14.4
18.0
21.6
25.2
28.8
32.4
36.0
39.6
1
3.1
6.2
9.3
12.4
15.5
18.6
21.7
24.8
27.900000000000002
31.0
34.1
1
1.7
3.4
5.1
6.8
8.5
10.2
11.9
13.6
15.299999999999999
17.0
18.7
20.4
22.099999999999998
23.8
25.5
27.2
1
1.7
3.4
5.1
6.8
8.5
10.2
11.9
13.6
15.299999999999999
17.0
18.7
20.4
22.099999999999998
23.8
25.5
27.2
1
1.7
3.4
5.1
6.8
8.5
10.2
11.9
13.6
15.299999999999999
17.0
18.7
20.4
22.099999999999998
23.8
25.5
27.2
1
2.8
5.6
8.399999999999999
11.2
14.0
16.799999999999997
19.599999999999998
22.4
25.2
28.0
30.799999999999997
33.599999999999994
36.4
39.199999999999996
42.0
44.8
1
3.5
7.0
10.5
14.0
17.5
21.0
24.5
28.0
31.5
35.0
38.5
42.0
45.5
49.0
52.5
56.0
1
3.5
7.0
10.5
14.0
17.5
21.0
24.5
28.0
31.5
35.0
38.5
42.0
45.5
49.0
52.5
56.0
1
3.5
7.0
10.5
14.0
17.5
21.0
24.5
28.0
31.5
35.0
38.5
42.0
45.5
49.0
52.5
56.0
1
3.5
7.0
10.5
14.0
17.5
21.0
24.5
28.0
31.5
35.0
38.5
42.0
45.5
49.0
52.5
56.0
1
2.8
5.6
8.399999999999999
11.2
14.0
16.799999999999997
19.599999999999998
22.4
25.2
28.0
30.799999999999997
33.599999999999994
36.4
39.199999999999996
42.0
44.8
1
1.7
3.4
5.1
6.8
8.5
10.2
11.9
13.6
15.299999999999999
17.0
18.7
20.4
22.099999999999998
23.8
25.5
27.2
1
1.2
2.4
3.5999999999999996
4.8
6.0
7.199999999999999
8.4
9.6
10.799999999999999
12.0
13.2
14.399999999999999
15.6
16.8
18.0
19.2
1
1.2
2.4
3.5999999999999996
4.8
6.0
7.199999999999999
8.4
9.6
10.799999999999999
12.0
13.2
14.399999999999999
15.6
16.8
18.0
19.2
1
0.5
1.0
1.5
2.0
2.5
3.0
3.5
4.0
4.5
5.0
5.5
6.0
6.5
7.0
7.5
8.0
1
0.5
1.0
1.5
2.0
2.5
3.0
3.5
4.0
4.5
5.0
5.5
6.0
6.5
7.0
7.5
8.0
1
0.5
1.0
1.5
2.0
2.5
3.0
3.5
4.0
4.5
5.0
5.5
6.0
6.5
7.0
7.5
8.0
1
0.5
1.0
1.5
2.0
2.5
3.0
3.5
4.0
4.5
5.0
5.5
6.0
6.5
7.0
7.5
8.0
1
0.5
1.0
1.5
2.0
2.5
3.0
3.5
4.0
4.5
5.0
5.5
6.0
6.5
7.0
7.5
8.0
1
0.5
1.0
1.5
2.0
2.5
3.0
3.5
4.0
4.5
5.0
5.5
6.0
6.5
7.0
7.5
8.0
1
2.8
5.6
8.399999999999999
11.2
14.0
16.799999999999997
19.599999999999998
22.4
25.2
28.0
30.799999999999997
33.599999999999994
36.4
39.199999999999996
42.0
44.8
1
3.3
6.6
9.899999999999999
13.2
16.5
19.799999999999997
23.099999999999998
26.4
29.7
33.0
36.3
39.599999999999994
42.9
46.199999999999996
49.5
52.8
1
3.6
7.2
10.8
14.4
18.0
21.6
25.2
28.8
32.4
36.0
39.6
43.2
46.800000000000004
50.4
54.0
57.6
1
3.6
7.2
10.8
14.4
18.0
21.6
25.2
28.8
32.4
36.0
39.6
43.2
46.800000000000004
50.4
54.0
57.6
1
3.3
6.6
9.899999999999999
13.2
16.5
19.799999999999997
23.099999999999998
26.4
29.7
33.0
36.3
39.599999999999994
42.9
46.199999999999996
49.5
52.8
1
2.8
5.6
8.399999999999999
11.2
14.0
16.799999999999997
19.599999999999998
22.4
25.2
28.0
30.799999999999997
33.599999999999994
36.4
39.199999999999996
42.0
44.8
1
1.7
3.4
5.1
6.8
8.5
10.2
11.9
13.6
15.299999999999999
17.0
18.7
20.4
22.099999999999998
23.8
25.5
27.2
28.9
30.599999999999998
32.3
34.0
1
1.7
3.4
5.1
6.8
8.5
10.2
11.9
13.6
15.299999999999999
17.0
18.7
20.4
22.099999999999998
23.8
25.5
27.2
28.9
30.599999999999998
32.3
34.0
1
1.7
3.4
5.1
6.8
8.5
10.2
11.9
13.6
15.299999999999999
17.0
18.7
20.4
22.099999999999998
23.8
25.5
27.2
28.9
30.599999999999998
32.3
34.0
1
2.8
5.6
8.399999999999999
11.2
14.0
16.799999999999997
19.599999999999998
22.4
25.2
28.0
30.799999999999997
33.599999999999994
36.4
39.199999999999996
42.0
44.8
47.599999999999994
50.4
53.199999999999996
56.0
1
3.5
7.0
10.5
14.0
17.5
21.0
24.5
28.0
31.5
35.0
38.5
42.0
45.5
49.0
52.5
56.0
59.5
63.0
66.5
70.0
1
3.5
7.0
10.5
14.0
17.5
21.0
24.5
28.0
31.5
35.0
38.5
42.0
45.5
49.0
52.5
56.0
59.5
63.0
66.5
70.0
1
3.5
7.0
10.5
14.0
17.5
21.0
24.5
28.0
31.5
35.0
38.5
42.0
45.5
49.0
52.5
56.0
59.5
63.0
66.5
70.0
1
3.5
7.0
10.5
14.0
17.5
21.0
24.5
28.0
31.5
35.0
38.5
42.0
45.5
49.0
52.5
56.0
59.5
63.0
66.5
70.0
1
2.8
5.6
8.399999999999999
11.2
14.0
16.799999999999997
19.599999999999998
22.4
25.2
28.0
30.799999999999997
33.599999999999994
36.4
39.199999999999996
42.0
44.8
47.599999999999994
50.4
53.199999999999996
56.0
1
1.7
3.4
5.1
6.8
8.5
10.2
11.9
13.6
15.299999999999999
17.0
18.7
20.4
22.099999999999998
23.8
25.5
27.2
28.9
30.599999999999998
32.3
34.0
1
1.2
2.4
3.5999999999999996
4.8
6.0
7.199999999999999
8.4
9.6
10.799999999999999
12.0
13.2
14.399999999999999
15.6
16.8
18.0
19.2
20.4
21.599999999999998
22.8
24.0
1
1.2
2.4
3.5999999999999996
4.8
6.0
7.199999999999999
8.4
9.6
10.799999999999999
12.0
13.2
14.399999999999999
15.6
16.8
18.0
19.2
20.4
21.599999999999998
22.8
24.0
1
0.5
1.0
1.5
2.0
2.5
3.0
3.5
4.0
4.5
5.0
5.5
6.0
6.5
7.0
7.5
8.0
8.5
9.0
9.5
10.0
1
0.5
1.0
1.5
2.0
2.5
3.0
3.5
4.0
4.5
5.0
5.5
6.0
6.5
7.0
7.5
8.0
8.5
9.0
9.5
10.0
1
0.5
1.0
1.5
2.0
2.5
3.0
3.5
4.0
4.5
5.0
5.5
6.0
6.5
7.0
7.5
8.0
8.5
9.0
9.5
10.0
1
0.5
1.0
1.5
2.0
2.5
3.0
3.5
4.0
4.5
5.0
5.5
6.0
6.5
7.0
7.5
8.0
8.5
9.0
9.5
10.0
1
0.5
1.0
1.5
2.0
2.5
3.0
3.5
4.0
4.5
5.0
5.5
6.0
6.5
7.0
7.5
8.0
8.5
9.0
9.5
10.0
1
0.5
1.0
1.5
2.0
2.5
3.0
3.5
4.0
4.5
5.0
5.5
6.0
6.5
7.0
7.5
8.0
8.5
9.0
9.5
10.0
1
2.8
5.6
8.399999999999999
11.2
14.0
16.799999999999997
19.599999999999998
22.4
25.2
28.0
30.799999999999997
33.599999999999994
36.4
39.199999999999996
42.0
44.8
47.599999999999994
50.4
53.199999999999996
56.0
1
3.3
6.6
9.899999999999999
13.2
16.5
19.799999999999997
23.099999999999998
26.4
29.7
33.0
36.3
39.599999999999994
42.9
46.199999999999996
49.5
52.8
56.099999999999994
59.4
62.699999999999996
66.0
1
3.6
7.2
10.8
14.4
18.0
21.6
25.2
28.8
32.4
36.0
39.6
43.2
46.800000000000004
50.4
54.0
57.6
61.2
64.8
68.4
72.0
1
3.6
7.2
10.8
14.4
18.0
21.6
25.2
28.8
32.4
36.0
39.6
43.2
46.800000000000004
50.4
54.0
57.6
61.2
64.8
68.4
72.0
1
3.3
6.6
9.899999999999999
13.2
16.5
19.799999999999997
23.099999999999998
26.4
29.7
33.0
36.3
39.599999999999994
42.9
46.199999999999996
49.5
52.8
56.099999999999994
59.4
62.699999999999996
66.0
1
2.8
5.6
8.399999999999999
11.2
14.0
16.799999999999997
19.599999999999998
22.4
25.2
28.0
30.799999999999997
33.599999999999994
36.4
39.199999999999996
42.0
44.8
47.599999999999994
50.4
53.199999999999996
56.0
1
1.7
3.4
5.1
6.8
8.5
10.2
11.9
13.6
15.299999999999999
17.0
18.7
20.4
22.099999999999998
23.8
25.5
27.2
28.9
30.599999999999998
32.3
34.0
35.699999999999996
37.4
1
1.7
3.4
5.1
6.8
8.5
10.2
11.9
13.6
15.299999999999999
17.0
18.7
20.4
22.099999999999998
23.8
25.5
27.2
28.9
30.599999999999998
32.3
34.0
35.699999999999996
37.4
1
1.7
3.4
5.1
6.8
8.5
10.2
11.9
13.6
15.299999999999999
17.0
18.7
20.4
22.099999999999998
23.8
25.5
27.2
28.9
30.599999999999998
32.3
34.0
35.699999999999996
37.4
1
2.8
5.6
8.399999999999999
11.2
14.0
16.799999999999997
19.599999999999998
22.4
25.2
28.0
30.799999999999997
33.599999999999994
36.4
39.199999999999996
42.0
44.8
47.599999999999994
50.4
53.199999999999996
56.0
58.8
61.599999999999994
1
3.5
7.0
10.5
14.0
17.5
21.0
24.5
28.0
31.5
35.0
38.5
42.0
45.5
49.0
52.5
56.0
59.5
63.0
66.5
70.0
73.5
77.0
1
3.5
7.0
10.5
14.0
17.5
21.0
24.5
28.0
31.5
35.0
38.5
42.0
45.5
49.0
52.5
56.0
59.5
63.0
66.5
70.0
73.5
77.0
1
3.5
7.0
10.5
14.0
17.5
21.0
24.5
28.0
31.5
35.0
38.5
42.0
45.5
49.0
52.5
56.0
59.5
63.0
66.5
70.0
73.5
77.0
1
3.5
7.0
10.5
14.0
17.5
21.0
24.5
28.0
31.5
35.0
38.5
42.0
45.5
49.0
52.5
56.0
59.5
63.0
66.5
70.0
73.5
77.0
1
2.8
5.6
8.399999999999999
11.2
14.0
16.799999999999997
19.599999999999998
22.4
25.2
28.0
30.799999999999997
33.599999999999994
36.4
39.199999999999996
42.0
44.8
47.599999999999994
50.4
53.199999999999996
56.0
58.8
61.599999999999994
1
1.7
3.4
5.1
6.8
8.5
10.2
11.9
13.6
15.299999999999999
17.0
18.7
20.4
22.099999999999998
23.8
25.5
27.2
28.9
30.599999999999998
32.3
34.0
35.699999999999996
37.4
1
1.2
2.4
3.5999999999999996
4.8
6.0
7.199999999999999
8.4
9.6
10.799999999999999
12.0
13.2
14.399999999999999
15.6
16.8
18.0
19.2
20.4
21.599999999999998
22.8
24.0
25.2
26.4
1
1.2
2.4
3.5999999999999996
4.8
6.0
7.199999999999999
8.4
9.6
10.799999999999999
12.0
13.2
14.399999999999999
15.6
16.8
18.0
19.2
20.4
21.599999999999998
22.8
24.0
25.2
26.4
1
0.5
1.0
1.5
2.0
2.5
3.0
3.5
4.0
4.5
5.0
5.5
6.0
6.5
7.0
7.5
8.0
8.5
9.0
9.5
10.0
10.5
11.0
1
0.5
1.0
1.5
2.0
2.5
3.0
3.5
4.0
4.5
5.0
5.5
6.0
6.5
7.0
7.5
8.0
8.5
9.0
9.5
10.0
10.5
11.0
1
0.5
1.0
1.5
2.0
2.5
3.0
3.5
4.0
4.5
5.0
5.5
6.0
6.5
7.0
7.5
8.0
8.5
9.0
9.5
10.0
10.5
11.0
1
0.5
1.0
1.5
2.0
2.5
3.0
3.5
4.0
4.5
5.0
5.5
6.0
6.5
7.0
7.5
8.0
8.5
9.0
9.5
10.0
10.5
11.0
1
0.5
1.0
1.5
2.0
2.5
3.0
3.5
4.0
4.5
5.0
5.5
6.0
6.5
7.0
7.5
8.0
8.5
9.0
9.5
10.0
10.5
11.0
1
0.5
1.0
1.5
2.0
2.5
3.0
3.5
4.0
4.5
5.0
5.5
6.0
6.5
7.0
7.5
8.0
8.5
9.0
9.5
10.0
10.5
11.0
1
2.8
5.6
8.399999999999999
11.2
14.0
16.799999999999997
19.599999999999998
22.4
25.2
28.0
30.799999999999997
33.599999999999994
36.4
39.199999999999996
42.0
44.8
47.599999999999994
50.4
53.199999999999996
56.0
58.8
61.599999999999994
1
3.3
6.6
9.899999999999999
13.2
16.5
19.799999999999997
23.099999999999998
26.4
29.7
33.0
36.3
39.599999999999994
42.9
46.199999999999996
49.5
52.8
56.099999999999994
59.4
62.699999999999996
66.0
69.3
72.6
1
3.6
7.2
10.8
14.4
18.0
21.6
25.2
28.8
32.4
36.0
39.6
43.2
46.800000000000004
50.4
54.0
57.6
61.2
64.8
68.4
72.0
75.60000000000001
79.2
1
3.6
7.2
10.8
14.4
18.0
21.6
25.2
28.8
32.4
36.0
39.6
43.2
46.800000000000004
50.4
54.0
57.6
61.2
64.8
68.4
72.0
75.60000000000001
79.2
1
3.3
6.6
9.899999999999999
13.2
16.5
19.799999999999997
23.099999999999998
26.4
29.7
33.0
36.3
39.599999999999994
42.9
46.199999999999996
49.5
52.8
56.099999999999994
59.4
62.699999999999996
66.0
69.3
72.6
1
2.8
5.6
8.399999999999999
11.2
14.0
16.799999999999997
19.599999999999998
22.4
25.2
28.0
30.799999999999997
33.599999999999994
36.4
39.199999999999996
42.0
44.8
47.599999999999994
50.4
53.199999999999996
56.0
58.8
61.599999999999994