1
1.4
2.8
4.199999999999999
5.6
7.0
8.399999999999999
9.799999999999999
11.2
12.6
1
1.4
2.8
4.199999999999999
5.6
7.0
8.399999999999999
9.799999999999999
11.2
12.6
1
1.4
2.8
4.199999999999999
5.6
7.0
8.399999999999999
9.799999999999999
11.2
12.6
1
2.5
5.0
7.5
10.0
12.5
15.0
17.5
20.0
22.5
1
2.5
5.0
7.5
10.0
12.5
15.0
17.5
20.0
22.5
1
2.5
5.0
7.5
10.0
12.5
15.0
17.5
20.0
22.5
1
2.5
5.0
7.5
10.0
12.5
15.0
17.5
20.0
22.5
1
2.5
5.0
7.5
10.0
12.5
15.0
17.5
20.0
22.5
1
2.9
5.8
8.7
11.6
14.5
17.4
20.3
23.2
26.099999999999998
1
3.3
6.6
9.899999999999999
13.2
16.5
19.799999999999997
23.099999999999998
26.4
29.7
1
2.5
5.0
7.5
10.0
12.5
15.0
17.5
20.0
22.5
1
1.4
2.8
4.199999999999999
5.6
7.0
8.399999999999999
9.799999999999999
11.2
12.6
1
1.9
3.8
5.699999999999999
7.6
9.5
11.399999999999999
13.299999999999999
15.2
17.099999999999998
1
1.9
3.8
5.699999999999999
7.6
9.5
11.399999999999999
13.299999999999999
15.2
17.099999999999998
1
1.9
3.8
5.699999999999999
7.6
9.5
11.399999999999999
13.299999999999999
15.2
17.099999999999998
1
2.5
5.0
7.5
10.0
12.5
15.0
17.5
20.0
22.5
1
2.5
5.0
7.5
10.0
12.5
15.0
17.5
20.0
22.5
1
2.5
5.0
7.5
10.0
12.5
15.0
17.5
20.0
22.5
1
2.5
5.0
7.5
10.0
12.5
15.0
17.5
20.0
22.5
1
2.5
5.0
7.5
10.0
12.5
15.0
17.5
20.0
22.5
1
3.2
6.4
9.600000000000001
12.8
16.0
19.200000000000003
22.400000000000002
25.6
28.8
1
3.4
6.8
10.2
13.6
17.0
20.4
23.8
27.2
30.599999999999998
1
2.5
5.0
7.5
10.0
12.5
15.0
17.5
20.0
22.5
1
1.9
3.8
5.699999999999999
7.6
9.5
11.399999999999999
13.299999999999999
15.2
17.099999999999998